[gd_scene load_steps=8 format=3 uid="uid://dionueqr7qrkx"]

[ext_resource type="Script" path="res://scenes/game_objects/levels/dungeon.gd" id="1_urk0f"]
[ext_resource type="PackedScene" uid="uid://cwav8ma78d78y" path="res://scenes/game_objects/player/player.tscn" id="2_t4pnu"]
[ext_resource type="PackedScene" uid="uid://cnwwqe77sy68w" path="res://assets/dungeon.blend" id="3_umc5k"]
[ext_resource type="PackedScene" uid="uid://cmvtcc3g0xbgk" path="res://scenes/game_objects/beings/lamp/lamp.tscn" id="4_r8vk4"]
[ext_resource type="PackedScene" uid="uid://y8bs8p8f47lu" path="res://scenes/game_objects/torch/torch.tscn" id="5_1kyur"]
[ext_resource type="PackedScene" uid="uid://0mgktkmtad83" path="res://scenes/game_objects/beings/ball/ball.tscn" id="6_0rk8f"]

[sub_resource type="Environment" id="Environment_t3h81"]
background_color = Color(0.823529, 0.823529, 0.823529, 1)
background_energy_multiplier = 0.05
tonemap_mode = 2
ssao_enabled = true
ssao_intensity = 2.55
ssao_power = 3.56763
ssil_intensity = 1.14
glow_enabled = true
glow_blend_mode = 4
fog_enabled = true
fog_light_color = Color(0.0862745, 0, 0, 1)
fog_density = 0.1059
volumetric_fog_albedo = Color(0.647059, 0.0627451, 0, 1)
volumetric_fog_emission = Color(0.117647, 0, 0.0156863, 1)

[node name="Dungeon" type="Node3D"]
script = ExtResource("1_urk0f")
player_scene = ExtResource("2_t4pnu")

[node name="Model" parent="." instance=ExtResource("3_umc5k")]

[node name="SpookyEnvironment" type="WorldEnvironment" parent="."]
environment = SubResource("Environment_t3h81")

[node name="SpawnPoint" type="Marker3D" parent="."]
transform = Transform3D(1, 0, 0, 0, 1, 0, 0, 0, 1, -13.3026, 0.207253, 7.11598)

[node name="DebugSpawn" type="Marker3D" parent="."]
transform = Transform3D(1, 0, 0, 0, 1, 0, 0, 0, 1, 31.2637, 0.207253, -23.9095)

[node name="Lamp" parent="." instance=ExtResource("4_r8vk4")]
transform = Transform3D(-0.480331, 0, -0.877088, 0, 1, 0, 0.877088, 0, -0.480331, 33.6514, 0.193281, -24.102)

[node name="Torch" parent="." instance=ExtResource("5_1kyur")]
transform = Transform3D(-1, 0, 8.74228e-08, 0, 1, 0, -8.74228e-08, 0, -1, 10.45, 1.66067, 3.79385)
starts_lit = true

[node name="Torch2" parent="." instance=ExtResource("5_1kyur")]
transform = Transform3D(-4.37114e-08, 0, -1, 0, 1, 0, 1, 0, -4.37114e-08, 8.31006, 1.66067, -25.8837)
starts_lit = true

[node name="Torch3" parent="." instance=ExtResource("5_1kyur")]
transform = Transform3D(-4.37114e-08, 0, -1, 0, 1, 0, 1, 0, -4.37114e-08, -9.45113, 1.66067, 2.75495)
starts_lit = true

[node name="Torch4" parent="." instance=ExtResource("5_1kyur")]
transform = Transform3D(1, 0, 0, 0, 1, 0, 0, 0, 1, 51.561, 2.50241, -24.0779)

[node name="Torch5" parent="." instance=ExtResource("5_1kyur")]
transform = Transform3D(0.309017, 0, 0.951057, 0, 1, 0, -0.951057, 0, 0.309017, 57.2755, 2.50241, -16.1507)

[node name="Torch6" parent="." instance=ExtResource("5_1kyur")]
transform = Transform3D(-0.809017, 0, 0.587785, 0, 1, 0, -0.587785, 0, -0.809017, 66.4794, 2.50241, -19.0935)

[node name="Torch7" parent="." instance=ExtResource("5_1kyur")]
transform = Transform3D(-0.809017, 0, -0.587785, 0, 1, 0, 0.587785, 0, -0.809017, 66.503, 2.50241, -28.8834)

[node name="Torch8" parent="." instance=ExtResource("5_1kyur")]
transform = Transform3D(0.309017, 0, -0.951057, 0, 1, 0, 0.951057, 0, 0.309017, 57.2209, 2.50241, -31.8877)

[node name="Ball" parent="." instance=ExtResource("6_0rk8f")]
transform = Transform3D(1, 0, 0, 0, 1, 0, 0, 0, 1, 32.9093, 0.180161, -21.1372)
