[gd_scene load_steps=15 format=3 uid="uid://dionueqr7qrkx"]

[ext_resource type="Script" path="res://scenes/game_objects/levels/dungeon.gd" id="1_urk0f"]
[ext_resource type="PackedScene" uid="uid://cwav8ma78d78y" path="res://scenes/game_objects/player/player.tscn" id="2_t4pnu"]
[ext_resource type="PackedScene" uid="uid://cnwwqe77sy68w" path="res://assets/dungeon.blend" id="3_umc5k"]
[ext_resource type="PackedScene" uid="uid://cmvtcc3g0xbgk" path="res://scenes/game_objects/beings/pyron/pyron.tscn" id="4_l3gmt"]
[ext_resource type="PackedScene" uid="uid://y8bs8p8f47lu" path="res://scenes/game_objects/torch/torch.tscn" id="5_1kyur"]
[ext_resource type="PackedScene" uid="uid://0mgktkmtad83" path="res://scenes/game_objects/beings/sonic/sonic.tscn" id="6_wl3h7"]
[ext_resource type="PackedScene" uid="uid://dt43xo5h61ymm" path="res://scenes/game_objects/beings/wings/wings.tscn" id="7_ew4e8"]
[ext_resource type="PackedScene" uid="uid://cwj818li3lopx" path="res://scenes/game_objects/beings/nano/nano.tscn" id="8_im0wl"]
[ext_resource type="PackedScene" uid="uid://bjutl3fo7aow2" path="res://scenes/game_objects/beings/wisp/wisp.tscn" id="9_gg1ej"]
[ext_resource type="PackedScene" uid="uid://c1t0jfr15uble" path="res://scenes/game_objects/altar/altar.tscn" id="10_nrln7"]
[ext_resource type="PackedScene" uid="uid://ce8iwsmlv468s" path="res://scenes/game_objects/gate/gate.tscn" id="11_omfjb"]
[ext_resource type="PackedScene" uid="uid://fsi78ui2tshi" path="res://scenes/game_objects/lever/lever.tscn" id="12_fg6xi"]

[sub_resource type="Curve3D" id="Curve3D_oxh56"]
_data = {
"points": PackedVector3Array(-0.47499, -0.182882, -0.0423832, 0.47499, 0.182882, 0.0423832, -1.38171, -0.262669, -0.00088501, -0.301932, -0.0776858, -0.0468349, 0.301932, 0.0776858, 0.0468349, -0.534331, 0.160684, -0.00443649, -0.802803, 0.309918, -0.117886, 0.802803, -0.309918, 0.117886, 0.813623, 0.0682849, 0.172245, -1.41598, -0.0644654, -0.126965, 1.41598, 0.0644654, 0.126965, 2.77565, 0.042848, -0.556175, -1.27288, 0.158655, -0.187847, 1.27288, -0.158655, 0.187847, 5.14917, -0.0875763, -0.0563965, -0.745888, 0.0243206, 0.161102, 0.745888, -0.0243206, -0.161102, 8.37699, -0.80071, -0.131403, -0.63165, 0.00877463, 0.150591, 0.63165, -0.00877463, -0.150591, 10.4528, 0.0517131, -0.053566, -0.440311, 0.0314385, -0.365376, 0.440311, -0.0314385, 0.365376, 12.173, -0.0156626, -0.0297222, -0.465313, -0.273046, -0.505344, 0.465313, 0.273046, 0.505344, 14.2318, 0.029079, 0.0365753, -1.10682, -0.215926, 0.0190697, 1.10682, 0.215926, -0.0190697, 17.2222, -0.173908, -0.270437, -0.814732, 0.111445, 0.00255013, 0.814732, -0.111445, -0.00255013, 19.4789, 0.368199, 0.83625, -0.960018, 0.290686, -0.00399017, 0.960018, -0.290686, 0.00399017, 22.0286, -0.0555677, 1.70358, -0.978172, -0.114916, 0.0135441, 0.978172, 0.114916, -0.0135441, 23.3621, -0.0794585, -0.684153, -0.900299, 0.370366, -0.00784492, 0.900299, -0.370366, 0.00784492, 25.4243, 0.0706501, 1.04417, -0.836323, -0.149992, 0.0214386, 0.836323, 0.149992, -0.0214386, 27.9459, 0.573769, 1.27892, -0.951248, -0.0301914, 0.0146618, 0.951248, 0.0301914, -0.0146618, 29.3324, 0.479681, -0.138388, -0.863728, -0.0118117, 0.19067, 0.863728, 0.0118117, -0.19067, 31.4779, 0.537766, -1.23958, -1.32349, -0.220385, -0.0652065, 1.32349, 0.220385, 0.0652065, 33.8377, -0.226287, -0.0446339, -0.666809, 0.270062, -0.185024, 0.666809, -0.270062, 0.185024, 35.9556, 0.717227, -1.14187, -0.33609, -0.196884, -0.128197, 0.33609, 0.196884, 0.128197, 37.7051, 1.31256, -0.936378, 0.126442, 0.387305, -0.813637, -0.126442, -0.387305, 0.813637, 37.8255, 1.51248, 0.264372, 0, 0, 0, 0, 0, 0, 37.9723, 0.772569, 0.0213242),
"tilts": PackedFloat32Array(0, 0, 0, 0, 0, 0, 0, 0, 0, 0, 0, 0, 0, 0, 0, 0, 0, 0, 0, 0, 0, 0)
}
point_count = 22

[sub_resource type="Environment" id="Environment_t3h81"]
background_color = Color(0.823529, 0.823529, 0.823529, 1)
background_energy_multiplier = 0.05
tonemap_mode = 2
ssao_enabled = true
ssao_intensity = 2.55
ssao_power = 3.56763
ssil_intensity = 2.0
glow_enabled = true
glow_blend_mode = 4
glow_hdr_scale = 0.0
fog_enabled = true
fog_light_color = Color(0.137255, 0, 0, 1)
fog_light_energy = 0.31
fog_density = 0.08
volumetric_fog_density = 0.1007
volumetric_fog_albedo = Color(0.796078, 0.345098, 0.290196, 1)
volumetric_fog_emission = Color(0.14902, 0, 0.0235294, 1)

[node name="Dungeon" type="Node3D"]
script = ExtResource("1_urk0f")
player_scene = ExtResource("2_t4pnu")

[node name="Model" parent="." instance=ExtResource("3_umc5k")]
transform = Transform3D(1, 0, 0, 0, 1, 0, 0, 0, 1, 0.0022049, 0.0570709, 0.00124741)

[node name="Torches" type="Node3D" parent="."]

[node name="Torch" parent="Torches" instance=ExtResource("5_1kyur")]
transform = Transform3D(-1, 0, 8.74228e-08, 0, 1, 0, -8.74228e-08, 0, -1, -11.7493, 1.66067, 3.79385)
starts_lit = true

[node name="Torch2" parent="Torches" instance=ExtResource("5_1kyur")]
transform = Transform3D(-4.37114e-08, 0, -1, 0, 1, 0, 1, 0, -4.37114e-08, -13.9435, 1.66067, -25.8837)
starts_lit = true

[node name="Torch9" parent="Torches" instance=ExtResource("5_1kyur")]
transform = Transform3D(-4.37114e-08, 0, -1, 0, 1, 0, 1, 0, -4.37114e-08, 14.6512, 1.66067, -30.9354)
starts_lit = true

[node name="Torch12" parent="Torches" instance=ExtResource("5_1kyur")]
transform = Transform3D(-4.37114e-08, 0, 1, 0, 1, 0, -1, 0, -4.37114e-08, 25.7536, 1.66067, -22.1132)

[node name="Torch17" parent="Torches" instance=ExtResource("5_1kyur")]
transform = Transform3D(1, 0, 0, 0, 1, 0, 0, 0, 1, 30.088, 1.66067, -26.7334)

[node name="Torch19" parent="Torches" instance=ExtResource("5_1kyur")]
transform = Transform3D(0.326212, 0, 0.945297, 0, 1, 0, -0.945297, 0, 0.326212, 47.9798, 1.66067, 3.34954)

[node name="Torch20" parent="Torches" instance=ExtResource("5_1kyur")]
transform = Transform3D(-0.77363, 0, 0.633637, 0, 1, 0, -0.633637, 0, -0.77363, 82.0521, 1.66067, -4.16447)

[node name="Torch14" parent="Torches" instance=ExtResource("5_1kyur")]
transform = Transform3D(-0.309017, 0, 0.951056, 0, 1, 0, -0.951056, 0, -0.309017, 24.2805, 1.66067, -61.1625)
starts_lit = true

[node name="Torch16" parent="Torches" instance=ExtResource("5_1kyur")]
transform = Transform3D(-0.997181, 0, 0.0750308, 0, 1, 0, -0.0750308, 0, -0.997181, 27.6785, 1.66067, -31.4249)
starts_lit = true

[node name="Torch15" parent="Torches" instance=ExtResource("5_1kyur")]
transform = Transform3D(0.309017, 0, -0.951056, 0, 1, 0, 0.951056, 0, 0.309017, 19.844, 1.66067, -73.5278)
starts_lit = true

[node name="Torch10" parent="Torches" instance=ExtResource("5_1kyur")]
transform = Transform3D(-4.37114e-08, 0, 1, 0, 1, 0, -1, 0, -4.37114e-08, 14.6512, 1.66067, -17.1209)
starts_lit = true

[node name="Torch3" parent="Torches" instance=ExtResource("5_1kyur")]
transform = Transform3D(-4.37114e-08, 0, -1, 0, 1, 0, 1, 0, -4.37114e-08, -23.753, 1.66067, 2.75495)
starts_lit = true

[node name="Torch4" parent="Torches" instance=ExtResource("5_1kyur")]
transform = Transform3D(-0.302021, 0, -0.953301, 0, 1, 0, 0.953301, 0, -0.302021, 62.3834, 2.50241, -31.8931)

[node name="Torch5" parent="Torches" instance=ExtResource("5_1kyur")]
transform = Transform3D(0.813314, 0, -0.581825, 0, 1, 0, 0.581825, 0, 0.813314, 53.1767, 2.50241, -28.9242)

[node name="Torch6" parent="Torches" instance=ExtResource("5_1kyur")]
transform = Transform3D(0.804676, 0, 0.593714, 0, 1, 0, -0.593714, 0, 0.804676, 53.0985, 2.50241, -19.1898)

[node name="Torch7" parent="Torches" instance=ExtResource("5_1kyur")]
transform = Transform3D(-0.315997, 0, 0.94876, 0, 1, 0, -0.94876, 0, -0.315997, 62.3506, 2.50241, -16.1408)

[node name="Torch8" parent="Torches" instance=ExtResource("5_1kyur")]
transform = Transform3D(-0.999973, 0, -0.00734759, 0, 1, 0, 0.00734759, 0, -0.999973, 68.092, 2.50241, -23.9596)

[node name="Torch11" parent="Torches" instance=ExtResource("5_1kyur")]
transform = Transform3D(0.356917, 0, -0.934136, 0, 1, 0, 0.934136, 0, 0.356917, 48.423, 1.661, -51.603)

[node name="Torch18" parent="Torches" instance=ExtResource("5_1kyur")]
transform = Transform3D(-0.788301, 0, -0.61529, 0, 1, 0, 0.61529, 0, -0.788301, 82.4618, 1.661, -43.4103)

[node name="Torch21" parent="Torches" instance=ExtResource("5_1kyur")]
transform = Transform3D(-0.788301, 0, -0.61529, 0, 1, 0, 0.61529, 0, -0.788301, 96.6221, 1.661, -50.7919)

[node name="Torch25" parent="Torches" instance=ExtResource("5_1kyur")]
transform = Transform3D(-0.615662, 0, 0.788011, 0, 1, 0, -0.788011, 0, -0.615662, 91.2471, 1.661, -44.1598)

[node name="Torch22" parent="Torches" instance=ExtResource("5_1kyur")]
transform = Transform3D(0.788011, 0, 0.615662, 0, 1, 0, -0.615662, 0, 0.788011, 81.6791, 1.661, -48.503)
starts_lit = true

[node name="Torch23" parent="Torches" instance=ExtResource("5_1kyur")]
transform = Transform3D(0.788011, 0, 0.615662, 0, 1, 0, -0.615662, 0, 0.788011, 77.8805, 1.661, -53.7259)
starts_lit = true

[node name="Torch24" parent="Torches" instance=ExtResource("5_1kyur")]
transform = Transform3D(0.615662, 0, -0.788011, 0, 1, 0, 0.788011, 0, 0.615662, 85.9556, 1.661, -62.7469)
starts_lit = true

[node name="Torch13" parent="Torches" instance=ExtResource("5_1kyur")]
transform = Transform3D(0.324049, 0, -0.94604, 0, 1, 0, 0.94604, 0, 0.324049, 47.6178, 1.661, -57.5537)

[node name="Altars" type="Node3D" parent="."]

[node name="PyronAltar" parent="Altars" node_paths=PackedStringArray("being_path_follow") instance=ExtResource("10_nrln7")]
transform = Transform3D(-4.37114e-08, 0, -1, 0, 1, 0, 1, 0, -4.37114e-08, 14.6298, 0.207041, -24.0177)
being_scene = ExtResource("4_l3gmt")
being_path_follow = NodePath("PyronPath/PyronPathFollow")

[node name="PyronPath" type="Path3D" parent="Altars/PyronAltar"]
transform = Transform3D(-4.37114e-08, 0, 1, 0, 1, 0, -1, 0, -4.37114e-08, 0.00224304, 1.27773, -1.38201)
curve = SubResource("Curve3D_oxh56")

[node name="PyronPathFollow" type="PathFollow3D" parent="Altars/PyronAltar/PyronPath"]
transform = Transform3D(0.999855, 0, 0, 0, 0.999846, 0, 0, 0, 0.999845, -1.38171, -0.262669, -0.00088501)
rotation_mode = 0

[node name="NanoAltar" parent="Altars" instance=ExtResource("10_nrln7")]
transform = Transform3D(-0.309017, 0, 0.951056, 0, 1, 0, -0.951056, 0, -0.309017, 20.4812, 0.199961, -66.7896)
being_scene = ExtResource("8_im0wl")

[node name="WispAltar" parent="Altars" instance=ExtResource("10_nrln7")]
transform = Transform3D(-0.587785, 0, 0.809017, 0, 1, 0, -0.809017, 0, -0.587785, 83.6311, 0.199961, -54.0697)
being_scene = ExtResource("9_gg1ej")

[node name="SpookyEnvironment" type="WorldEnvironment" parent="."]
environment = SubResource("Environment_t3h81")

[node name="SpawnPoint" type="Marker3D" parent="."]
transform = Transform3D(1, 0, 0, 0, 1, 0, 0, 0, 1, -27.2507, 0.207253, 7.11598)

[node name="DebugSpawn" type="Marker3D" parent="."]
transform = Transform3D(1, 0, 0, 0, 1, 0, 0, 0, 1, 94.6098, 0.416029, -48.9497)

[node name="Sonic" parent="." instance=ExtResource("6_wl3h7")]
transform = Transform3D(1, 0, 0, 0, 1, 0, 0, 0, 1, 58.0336, 2.19185, -18.51)

[node name="Wings" parent="." instance=ExtResource("7_ew4e8")]
transform = Transform3D(1, 0, 0, 0, 1, 0, 0, 0, 1, 64.5273, 2.18775, -20.6743)

[node name="Nano" parent="." instance=ExtResource("8_im0wl")]
transform = Transform3D(1, 0, 0, 0, 1, 0, 0, 0, 1, 57.9717, 2.19284, -29.5558)

[node name="Nano2" parent="." instance=ExtResource("8_im0wl")]
transform = Transform3D(1, 0, 0, 0, 1, 0, 0, 0, 1, 95.9061, 2.19284, -48.6251)

[node name="Wisp" parent="." instance=ExtResource("9_gg1ej")]
transform = Transform3D(1, 0, 0, 0, 1, 0, 0, 0, 1, 64.4936, 2.20874, -27.4889)

[node name="MazeTimer" type="Timer" parent="."]
unique_name_in_owner = true
wait_time = 12.0
one_shot = true

[node name="MazeGate" parent="." instance=ExtResource("11_omfjb")]
unique_name_in_owner = true
transform = Transform3D(0.37082, 0, -1.14127, 0, 1.2, 0, 1.14127, 0, 0.37082, 27.8317, 2.08184, -69.1902)

[node name="MazeFrontLever" parent="." instance=ExtResource("12_fg6xi")]
unique_name_in_owner = true
transform = Transform3D(1.36309e-08, 0.311838, 0.950136, 1, -4.37114e-08, -2.44083e-16, 4.15317e-08, 0.950136, -0.311838, 48.7764, 2, -57.9454)

[node name="MazeBackLever" parent="." instance=ExtResource("12_fg6xi")]
unique_name_in_owner = true
transform = Transform3D(4.37114e-08, 1, -8.74228e-08, 1, -4.37114e-08, 0, -3.82137e-15, -8.74228e-08, -1, 23.8905, 2, -29.9535)

[node name="MazeBackGate" parent="." instance=ExtResource("11_omfjb")]
unique_name_in_owner = true
transform = Transform3D(1.2, 0, 0, 0, 1.2, 0, 0, 0, 1.2, 25.8253, 2.0787, -26.4716)

[node name="SmallRoomGate" parent="." instance=ExtResource("11_omfjb")]
unique_name_in_owner = true
transform = Transform3D(-0.970822, 0, -0.705343, 0, 1.2, 0, 0.705343, 0, -0.970822, 88.3303, 2.08184, -47.8322)

[node name="SmallRoomLever" parent="." instance=ExtResource("12_fg6xi")]
unique_name_in_owner = true
transform = Transform3D(-2.56929e-08, -0.587786, -0.809017, 1, -4.37114e-08, 0, -3.53633e-08, -0.809017, 0.587786, 85.7081, 2, -48.1733)
